num_agent: 1000 algorithm: CENTRALIZED trans_suc_rate: 0.9 num_episode: 100 num_state: 11 rewards: [0, 1, 0.9, 0.8, 0.7, 0.6, 0.5, 0.4, 0.3, 0.2, 0.1] density: [1.0, 0.2, 0.1, 0.1, 0.2, 0.05, 0.05, 0.2, 0.1, 0.0, 0.0] drop_ratio: 0.0 add_ratio: 1.0
0,647.1,0
1,1319.7,0
2,1994.7,0
3,2669.7,0
4,3344.7,0
5,4019.7,0
6,4694.7,0
7,5369.7,0
8,6044.7,0
9,6719.7,0
10,7394.7,0
11,8069.7,0
12,8744.7,0
13,9419.7,0
14,10094.7,0
15,10769.7,0
16,11444.7,0
17,12119.7,0
18,12794.7,0
19,13469.7,0
20,14144.7,0
21,14819.7,0
22,15494.7,0
23,16169.7,0
24,16844.7,0
25,17519.7,0
26,18194.7,0
27,18869.7,0
28,19544.7,0
29,20219.7,0
30,20894.7,0
31,21569.7,0
32,22244.7,0
33,22919.7,0
34,23594.7,0
35,24269.7,0
36,24944.7,0
37,25619.7,0
38,26294.7,0
39,26969.7,0
40,27644.7,0
41,28319.7,0
42,28994.7,0
43,29669.7,0
44,30344.7,0
45,31019.7,0
46,31694.7,0
47,32369.7,0
48,33044.7,0
49,33719.7,0
50,34394.7,0
51,35069.7,0
52,35744.7,0
53,36419.7,0
54,37094.7,0
55,37769.7,0
56,38444.7,0
57,39119.7,0
58,39794.7,0
59,40469.7,0
60,41144.7,0
61,41819.7,0
62,42494.7,0
63,43169.7,0
64,43844.7,0
65,44519.7,0
66,45194.7,0
67,45869.7,0
68,46544.7,0
69,47219.7,0
70,47894.7,0
71,48569.7,0
72,49244.7,0
73,49919.7,0
74,50594.7,0
75,51269.7,0
76,51944.7,0
77,52619.7,0
78,53294.7,0
79,53969.7,0
80,54644.7,0
81,55319.7,0
82,55994.7,0
83,56669.7,0
84,57344.7,0
85,58019.7,0
86,58694.7,0
87,59369.7,0
88,60044.7,0
89,60719.7,0
90,61394.7,0
91,62069.7,0
92,62744.7,0
93,63419.7,0
94,64094.7,0
95,64769.7,0
96,65444.7,0
97,66119.7,0
98,66794.7,0
