num_agent: 1000 algorithm: SAFE trans_suc_rate: 0.9 num_episode: 100 num_state: 11 rewards: [0, 1, 0.9, 0.8, 0.7, 0.6, 0.5, 0.4, 0.3, 0.2, 0.1] density: [1.0, 0.2, 0.1, 0.1, 0.2, 0.05, 0.05, 0.2, 0.1, 0.0, 0.0] drop_ratio: 0.0 add_ratio: 1.0
0,300.8,0
1,633.8,0
2,972.7,0
3,1307.1,0
4,1648.7,0
5,1993.9,0
6,2314.3,0
7,2641.4,0
8,2982.9,0
9,3304.5,0
10,3636.8,0
11,3964.1,0
12,4297.6,0
13,4642.3,0
14,4997.6,0
15,5361.8,0
16,5702.5,0
17,6047.1,0
18,6410.0,0
19,6761.4,0
20,7107.9,0
21,7465.5,0
22,7789.8,0
23,8119.2,0
24,8461.4,0
25,8794.0,0
26,9128.8,0
27,9486.1,0
28,9848.0,0
29,10179.4,0
30,10522.2,0
31,10870.2,0
32,11208.1,0
33,11560.7,0
34,11907.2,0
35,12243.1,0
36,12574.2,0
37,12902.5,0
38,13226.9,0
39,13535.5,0
40,13852.1,0
41,14176.9,0
42,14523.6,0
43,14857.0,0
44,15172.1,0
45,15497.1,0
46,15848.6,0
47,16197.0,0
48,16516.8,0
49,16839.0,0
50,17178.6,0
51,17520.4,0
52,17867.2,0
53,18196.3,0
54,18534.8,0
55,18881.3,0
56,19209.3,0
57,19552.9,0
58,19880.4,0
59,20206.8,0
60,20542.9,0
61,20871.8,0
62,21212.3,0
63,21543.2,0
64,21869.4,0
65,22209.8,0
66,22551.0,0
67,22893.0,0
68,23234.2,0
69,23535.3,0
70,23859.5,0
71,24203.0,0
72,24541.4,0
73,24872.0,0
74,25202.5,0
75,25534.5,0
76,25875.6,0
77,26220.6,0
78,26575.1,0
79,26911.6,0
80,27271.5,0
81,27629.5,0
82,27933.6,0
83,28264.4,0
84,28607.4,0
85,28964.5,0
86,29291.5,0
87,29630.1,0
88,29962.6,0
89,30309.0,0
90,30651.5,0
91,31006.0,0
92,31359.7,0
93,31702.0,0
94,32033.9,0
95,32360.1,0
96,32701.9,0
97,33022.8,0
98,33346.5,0
