num_agent: 1000 algorithm: SAFE trans_suc_rate: 0.9 num_episode: 100 num_state: 11 rewards: [0, 1, 0.9, 0.8, 0.7, 0.6, 0.5, 0.4, 0.3, 0.2, 0.1] density: [1.0, 0.2, 0.1, 0.1, 0.2, 0.05, 0.05, 0.2, 0.1, 0.0, 0.0] drop_ratio: 0.0 add_ratio: 1.0
0,304.4,0
1,630.2,0
2,970.5,0
3,1303.4,0
4,1661.0,0
5,2008.1,0
6,2361.2,0
7,2717.3,0
8,3045.4,0
9,3363.9,0
10,3689.0,0
11,4032.6,0
12,4367.4,0
13,4715.0,0
14,5052.6,0
15,5386.6,0
16,5738.1,0
17,6079.4,0
18,6405.8,0
19,6743.6,0
20,7067.4,0
21,7392.1,0
22,7724.9,0
23,8054.2,0
24,8388.0,0
25,8725.3,0
26,9066.6,0
27,9392.9,0
28,9725.7,0
29,10068.4,0
30,10404.7,0
31,10740.9,0
32,11079.2,0
33,11408.7,0
34,11725.9,0
35,12074.6,0
36,12445.9,0
37,12773.4,0
38,13105.6,0
39,13431.1,0
40,13776.4,0
41,14131.8,0
42,14462.9,0
43,14812.7,0
44,15127.5,0
45,15442.6,0
46,15779.2,0
47,16109.4,0
48,16443.0,0
49,16770.0,0
50,17091.3,0
51,17437.4,0
52,17776.2,0
53,18105.6,0
54,18434.5,0
55,18769.3,0
56,19098.7,0
57,19456.0,0
58,19796.8,0
59,20127.2,0
60,20470.7,0
61,20795.5,0
62,21121.4,0
63,21459.7,0
64,21780.0,0
65,22107.5,0
66,22439.5,0
67,22770.0,0
68,23119.0,0
69,23467.0,0
70,23799.1,0
71,24136.2,0
72,24488.2,0
73,24834.6,0
74,25168.6,0
75,25507.0,0
76,25857.0,0
77,26224.8,0
78,26572.5,0
79,26905.1,0
80,27247.9,0
81,27568.1,0
82,27915.9,0
83,28248.3,0
84,28574.8,0
85,28918.0,0
86,29251.2,0
87,29579.8,0
88,29911.5,0
89,30255.7,0
90,30579.0,0
91,30903.4,0
92,31220.4,0
93,31565.7,0
94,31919.3,0
95,32272.0,0
96,32592.7,0
97,32917.3,0
98,33260.5,0
