num_agent: 1000 algorithm: SAFE trans_suc_rate: 0.9 num_episode: 100 num_state: 11 rewards: [0, 1, 0.9, 0.8, 0.7, 0.6, 0.5, 0.4, 0.3, 0.2, 0.1] density: [1.0, 0.2, 0.1, 0.1, 0.2, 0.05, 0.05, 0.2, 0.1, 0.0, 0.0] drop_ratio: 0.0 add_ratio: 1.0
0,303.0,0
1,605.5,0
2,921.5,0
3,1252.2,0
4,1592.2,0
5,1946.8,0
6,2290.0,0
7,2616.7,0
8,2951.2,0
9,3263.3,0
10,3588.5,0
11,3917.2,0
12,4257.3,0
13,4608.4,0
14,4939.9,0
15,5274.3,0
16,5620.0,0
17,5970.1,0
18,6298.5,0
19,6645.4,0
20,6980.6,0
21,7327.5,0
22,7651.3,0
23,7979.8,0
24,8327.7,0
25,8671.4,0
26,9045.9,0
27,9366.2,0
28,9717.9,0
29,10083.9,0
30,10425.9,0
31,10757.7,0
32,11096.4,0
33,11411.0,0
34,11740.1,0
35,12088.3,0
36,12413.7,0
37,12771.7,0
38,13125.0,0
39,13440.2,0
40,13802.6,0
41,14139.7,0
42,14461.7,0
43,14792.0,0
44,15127.1,0
45,15449.0,0
46,15779.3,0
47,16110.8,0
48,16429.5,0
49,16771.1,0
50,17099.6,0
51,17433.9,0
52,17768.3,0
53,18094.8,0
54,18431.7,0
55,18794.2,0
56,19124.6,0
57,19449.3,0
58,19789.2,0
59,20138.8,0
60,20469.5,0
61,20785.3,0
62,21121.9,0
63,21458.2,0
64,21807.3,0
65,22139.8,0
66,22492.2,0
67,22817.1,0
68,23141.0,0
69,23490.7,0
70,23846.8,0
71,24208.7,0
72,24538.5,0
73,24884.7,0
74,25221.4,0
75,25537.0,0
76,25864.0,0
77,26204.0,0
78,26533.1,0
79,26859.4,0
80,27190.4,0
81,27522.6,0
82,27845.3,0
83,28180.3,0
84,28525.4,0
85,28876.3,0
86,29230.1,0
87,29567.9,0
88,29909.2,0
89,30236.1,0
90,30584.0,0
91,30932.0,0
92,31287.4,0
93,31630.4,0
94,31955.4,0
95,32274.5,0
96,32639.3,0
97,32969.8,0
98,33315.7,0
