0,0
1,0
2,0
3,0
4,0
5,0
6,0
7,0
8,0
9,0
10,0
11,82
12,181
13,285
14,403
15,475
16,675
17,871
18,968
19,1067
20,1125
21,1302
22,1397
23,1599
24,1798
25,2029
26,2117
27,2287
28,2296
29,2475
30,2491
31,2641
32,2729
33,2885
34,2971
35,3177
36,3230
37,3446
38,3593
39,3776
40,3883
41,4031
42,4120
43,4193
44,4305
45,4488
46,4544
47,4805
48,4893
49,5056
50,5149
51,5272
52,5301
53,5437
54,5522
55,5828
56,5910
57,6156
58,6251
59,6363
60,6391
61,6637
62,6657
63,6876
64,6888
65,7027
66,7175
67,7417
68,7514
69,7757
70,7841
71,7959
72,7965
73,8066
