0,0
1,0
2,0
3,0
4,0
5,0
6,0
7,0
8,0
9,0
10,0
11,82
12,154
13,265
14,387
15,474
16,648
17,838
18,980
19,1059
20,1120
21,1273
22,1358
23,1535
24,1789
25,1967
26,2050
27,2304
28,2314
29,2479
30,2511
31,2622
32,2709
33,2845
34,2927
35,3121
36,3175
37,3443
38,3563
39,3750
40,3884
41,4007
42,4089
43,4166
44,4272
45,4437
46,4478
47,4701
48,4844
49,4996
50,5087
51,5204
52,5240
53,5398
54,5512
55,5793
56,5896
57,6157
58,6271
59,6341
60,6360
61,6584
62,6613
63,6801
64,6812
65,6957
66,7063
67,7297
68,7374
69,7628
70,7705
71,7811
72,7814
73,7898
