0,0
1,0
2,0
3,0
4,0
5,0
6,0
7,0
8,0
9,0
10,0
11,1181
12,2470
13,3938
14,4868
15,5375
16,6248
17,6964
18,7504
19,7716
20,7873
21,8072
22,8260
23,8478
24,8551
25,8665
26,8815
27,8847
28,8940
29,9171
30,9210
31,9382
32,9452
33,9545
34,9593
35,9618
36,9629
37,9737
38,9785
39,9831
40,9930
41,9954
42,9966
43,9976
44,9976
45,9976
46,9976
47,9978
48,9978
49,9978
50,9978
51,9978
52,9978
53,9978
54,9978
55,9978
56,9978
57,9978
58,9978
59,9978
60,9978
61,9978
62,9978
63,9981
64,9982
65,9982
66,9982
67,9982
68,9982
69,9982
70,9982
71,9982
72,9982
73,9982
