0,0
1,0
2,0
3,0
4,0
5,0
6,0
7,0
8,0
9,0
10,0
11,1018
12,2335
13,3732
14,4694
15,5034
16,6009
17,6616
18,7147
19,7328
20,7523
21,7674
22,7776
23,7857
24,7950
25,8068
26,8234
27,8328
28,8367
29,8504
30,8585
31,8753
32,8963
33,9090
34,9258
35,9368
36,9543
37,9655
38,9713
39,9723
40,9781
41,9801
42,9834
43,9834
44,9836
45,9838
46,9838
47,9838
48,9838
49,9838
50,9839
51,9840
52,9840
53,9840
54,9840
55,9840
56,9840
57,9840
58,9841
59,9841
60,9841
61,9842
62,9843
63,9843
64,9844
65,9844
66,9844
67,9844
68,9844
69,9844
70,9844
71,9844
72,9844
73,9844
