0,0
1,0
2,0
3,0
4,0
5,0
6,0
7,0
8,0
9,0
10,0
11,1064
12,2192
13,3429
14,4232
15,4512
16,5311
17,5840
18,6468
19,6704
20,6787
21,6904
22,7073
23,7220
24,7295
25,7406
26,7560
27,7653
28,7695
29,7800
30,7882
31,8030
32,8225
33,8388
34,8536
35,8593
36,8818
37,8878
38,8921
39,8933
40,8961
41,8967
42,8979
43,8992
44,8992
45,8992
46,8994
47,8995
48,8995
49,8995
50,8995
51,8995
52,8995
53,8995
54,8995
55,8995
56,8996
57,8996
58,8996
59,8998
60,8998
61,8998
62,8998
63,8999
64,9000
65,9001
66,9001
67,9001
68,9001
69,9001
70,9001
71,9001
72,9001
73,9001
