0,0
1,0
2,0
3,0
4,0
5,0
6,0
7,0
8,0
9,0
10,0
11,1269
12,2966
13,4722
14,5873
15,6403
16,7470
17,8506
18,9085
19,9383
20,9649
21,9934
22,10082
23,10281
24,10438
25,10533
26,10761
27,10806
28,10996
29,11223
30,11392
31,11586
32,11755
33,11914
34,12071
35,12117
36,12180
37,12315
38,12407
39,12487
40,12605
41,12711
42,12813
43,12884
44,12902
45,12931
46,12937
47,12954
48,12961
49,12973
50,12976
51,12983
52,12987
53,12988
54,12991
55,12998
56,12998
57,13001
58,13001
59,13003
60,13004
61,13004
62,13012
63,13013
64,13016
65,13017
66,13017
67,13017
68,13017
69,13020
70,13020
71,13020
72,13021
73,13021
