0,0
1,0
2,0
3,0
4,0
5,0
6,0
7,0
8,0
9,0
10,0
11,979
12,2161
13,3443
14,4296
15,4629
16,5499
17,6135
18,6867
19,7182
20,7354
21,7525
22,7704
23,7827
24,7960
25,8108
26,8487
27,8778
28,8984
29,9356
30,9596
31,9941
32,10190
33,10346
34,10537
35,10711
36,10850
37,11028
38,11071
39,11140
40,11195
41,11263
42,11363
43,11389
44,11395
45,11401
46,11407
47,11408
48,11413
49,11416
50,11416
51,11426
52,11433
53,11436
54,11446
55,11446
56,11450
57,11459
58,11472
59,11482
60,11493
61,11511
62,11529
63,11541
64,11557
65,11567
66,11581
67,11597
68,11617
69,11638
70,11663
71,11677
72,11690
73,11720
