0,0
1,0
2,0
3,0
4,0
5,0
6,0
7,0
8,0
9,0
10,0
11,94
12,163
13,274
14,370
15,460
16,635
17,789
18,901
19,988
20,1039
21,1223
22,1317
23,1496
24,1735
25,1936
26,1992
27,2225
28,2239
29,2431
30,2459
31,2635
32,2721
33,2877
34,2943
35,3183
36,3224
37,3466
38,3588
39,3735
40,3852
41,3994
42,4066
43,4151
44,4296
45,4476
46,4504
47,4773
48,4897
49,5052
50,5167
51,5264
52,5299
53,5415
54,5522
55,5772
56,5854
57,6109
58,6226
59,6319
60,6342
61,6545
62,6578
63,6751
64,6773
65,6904
66,7045
67,7262
68,7373
69,7642
70,7716
71,7825
72,7827
73,7932
