     pcost       dcost       gap    pres   dres   k/t
 0: -1.0551e+00 -5.8423e+00  5e+02  9e+00  1e+01  1e+00
 1: -6.9884e-01  4.5202e-02  7e+01  3e+00  3e+00  3e+00
 2: -1.7686e-01  1.6001e-01  7e+00  6e-01  6e-01  7e-01
 3: -3.6501e-02  2.2694e-02  2e+00  2e-01  2e-01  2e-01
 4: -1.1992e-02 -3.1034e-02  3e-01  5e-02  5e-02  9e-03
 5: -2.1548e-03 -5.5837e-03  4e-02  8e-03  8e-03  1e-03
 6: -4.4338e-05 -1.0550e-04  6e-04  1e-04  1e-04  2e-05
 7: -4.4289e-07 -1.0537e-06  6e-06  1e-06  1e-06  2e-07
 8: -4.4288e-09 -1.0537e-08  6e-08  1e-08  1e-08  2e-09
Optimal solution found.
     pcost       dcost       gap    pres   dres   k/t
 0: -1.3776e+00 -6.3819e+00  6e+02  1e+01  1e+01  1e+00
 1: -2.6663e-01 -7.9332e-01  2e+02  5e+00  5e+00  3e+00
 2: -2.9637e-01  4.8629e-01  2e+01  1e+00  1e+00  1e+00
 3: -4.0816e-02  5.7415e-02  2e+00  2e-01  2e-01  2e-01
 4: -1.6977e-02 -4.7549e-02  6e-01  7e-02  7e-02  9e-03
 5: -5.3327e-03 -1.2723e-02  8e-02  2e-02  2e-02  2e-03
 6: -2.0381e-03 -5.4544e-03  3e-02  7e-03  7e-03  6e-04
 7: -1.1175e-04 -2.9910e-04  2e-03  4e-04  4e-04  3e-05
 8: -1.1217e-06 -3.0013e-06  2e-05  4e-06  4e-06  3e-07
 9: -1.1217e-08 -3.0012e-08  2e-07  4e-08  4e-08  3e-09
10: -1.1217e-10 -3.0011e-10  2e-09  4e-10  4e-10  3e-11
Optimal solution found.
     pcost       dcost       gap    pres   dres   k/t
 0: -1.6238e+00 -6.8315e+00  7e+02  1e+01  1e+01  1e+00
 1:  4.9969e-01 -6.0643e-01  3e+02  7e+00  6e+00  3e+00
 2: -3.4307e-01  7.3260e-01  2e+01  1e+00  1e+00  2e+00
 3: -7.9666e-02  5.2420e-02  5e+00  4e-01  4e-01  3e-01
 4: -1.9928e-02 -3.7642e-02  1e+00  1e-01  1e-01  4e-02
 5: -9.8778e-03 -1.9563e-02  2e-01  3e-02  3e-02  6e-03
 6: -3.3482e-03 -8.1677e-03  6e-02  1e-02  1e-02  2e-03
 7: -3.6765e-04 -8.0585e-04  5e-03  1e-03  1e-03  1e-04
 8: -1.9219e-04 -4.5997e-04  3e-03  6e-04  6e-04  6e-05
 9: -6.5884e-06 -1.5557e-05  9e-05  2e-05  2e-05  2e-06
10: -6.6007e-08 -1.5585e-07  9e-07  2e-07  2e-07  2e-08
11: -6.6007e-10 -1.5585e-09  9e-09  2e-09  2e-09  2e-10
Optimal solution found.
     pcost       dcost       gap    pres   dres   k/t
 0: -1.7974e+00 -7.1581e+00  7e+02  1e+01  1e+01  1e+00
 1:  1.1880e+00  3.3260e-02  3e+02  7e+00  6e+00  3e+00
 2: -3.0642e-01  8.8025e-01  3e+01  2e+00  2e+00  2e+00
 3: -1.1063e-01  1.0259e-01  8e+00  6e-01  6e-01  5e-01
 4: -2.3141e-02 -2.0260e-03  2e+00  2e-01  2e-01  1e-01
 5: -1.4746e-02 -3.4331e-02  3e-01  4e-02  4e-02  2e-03
 6: -5.9390e-03 -1.6129e-02  1e-01  2e-02  2e-02  1e-03
 7: -8.6033e-04 -1.9966e-03  1e-02  2e-03  2e-03  1e-04
 8: -3.9181e-04 -9.3526e-04  5e-03  1e-03  1e-03  4e-05
 9: -1.0523e-04 -2.0909e-04  1e-03  2e-04  2e-04  7e-06
10: -1.0382e-04 -1.4618e-04  4e-04  8e-05  8e-05  2e-06
11: -1.1001e-04 -1.2805e-04  2e-04  3e-05  3e-05  9e-07
12: -1.0743e-04 -1.1690e-04  9e-05  2e-05  2e-05  4e-07
13: -1.0704e-04 -1.0927e-04  2e-05  4e-06  4e-06  9e-08
14: -1.0675e-04 -1.0680e-04  4e-07  9e-08  9e-08  1e-09
15: -1.0675e-04 -1.0675e-04  4e-09  9e-10  9e-10  1e-11
Optimal solution found.
     pcost       dcost       gap    pres   dres   k/t
 0: -2.8273e-04 -8.6753e+00  5e+02  6e+00  3e+01  1e+00
 1: -2.7458e-04 -1.5101e+00  7e+01  2e+00  9e+00  2e+00
 2: -2.7790e-04 -6.1300e-02  6e+00  4e-01  2e+00  5e-01
 3: -3.0198e-04 -5.0981e-02  1e+00  1e-01  5e-01  1e-01
 4: -1.1941e-04 -3.7552e-02  2e-01  3e-02  1e-01  4e-03
 5: -9.4361e-05 -6.4392e-03  3e-02  5e-03  2e-02  8e-04
 6: -1.3930e-04 -1.5974e-03  6e-03  1e-03  4e-03  2e-04
 7: -7.0068e-04 -1.8106e-03  5e-03  8e-04  3e-03  9e-05
 8: -1.0791e-03 -1.3952e-03  1e-03  2e-04  9e-04  2e-05
 9: -1.3015e-03 -1.3523e-03  2e-04  3e-05  1e-04  1e-06
10: -1.3524e-03 -1.3553e-03  1e-05  2e-06  8e-06  6e-08
11: -1.3552e-03 -1.3552e-03  1e-07  2e-08  8e-08  6e-10
12: -1.3552e-03 -1.3552e-03  1e-09  2e-10  8e-10  6e-12
Optimal solution found.
     pcost       dcost       gap    pres   dres   k/t
 0: -1.3196e-03 -1.0871e+01  5e+02  6e+00  3e+01  1e+00
 1: -1.2550e-03 -3.6305e+00  1e+02  3e+00  1e+01  2e+00
 2: -1.2239e-03 -3.5658e-01  1e+01  5e-01  2e+00  7e-01
 3: -1.1838e-03 -8.9361e-02  2e+00  1e-01  4e-01  1e-01
 4: -1.2536e-03 -5.3125e-02  4e-01  3e-02  1e-01  1e-02
 5: -1.6854e-03 -1.1828e-02  4e-02  6e-03  3e-02  2e-03
 6: -2.9984e-03 -5.6016e-03  1e-02  1e-03  6e-03  3e-04
 7: -4.4653e-03 -5.3413e-03  3e-03  5e-04  2e-03  7e-05
 8: -4.7922e-03 -5.1466e-03  1e-03  2e-04  8e-04  2e-05
 9: -4.8319e-03 -4.9321e-03  3e-04  5e-05  2e-04  2e-06
10: -4.8847e-03 -4.8950e-03  3e-05  5e-06  2e-05  2e-07
11: -4.8901e-03 -4.8905e-03  1e-06  2e-07  9e-07  7e-09
12: -4.8903e-03 -4.8903e-03  1e-08  2e-09  9e-09  7e-11
Optimal solution found.
     pcost       dcost       gap    pres   dres   k/t
 0: -1.7740e-02 -1.3283e+01  6e+02  5e+00  3e+01  1e+00
 1: -1.8498e-02 -6.0662e+00  2e+02  3e+00  1e+01  2e+00
 2: -1.9969e-02 -7.6330e-01  1e+01  6e-01  3e+00  7e-01
 3: -2.3749e-02 -1.6675e-01  2e+00  1e-01  5e-01  1e-01
 4: -3.6126e-02 -1.0646e-01  5e-01  3e-02  2e-01  2e-02
 5: -7.0354e-02 -1.1018e-01  2e-01  2e-02  9e-02  1e-02
 6: -7.6562e-02 -9.5477e-02  9e-02  9e-03  4e-02  5e-03
 7: -7.7251e-02 -8.1171e-02  1e-02  2e-03  8e-03  5e-04
 8: -7.7584e-02 -7.8117e-02  2e-03  2e-04  1e-03  7e-05
 9: -7.7625e-02 -7.7637e-02  4e-05  5e-06  3e-05  8e-07
10: -7.7624e-02 -7.7624e-02  5e-07  6e-08  3e-07  9e-09
11: -7.7624e-02 -7.7624e-02  5e-09  6e-10  3e-09  9e-11
Optimal solution found.
     pcost       dcost       gap    pres   dres   k/t
 0: -2.3251e-01 -1.7791e+01  8e+02  5e+00  3e+01  1e+00
 1: -2.4946e-01 -1.0483e+01  4e+02  3e+00  2e+01  2e+00
 2: -4.1761e-01 -1.5850e+00  2e+01  6e-01  3e+00  9e-01
 3: -2.5699e-01 -7.7871e-01  8e+00  2e-01  1e+00  4e-01
 4: -9.1272e-02 -2.6610e-01  2e+00  7e-02  4e-01  8e-02
 5: -8.7031e-02 -1.5303e-01  4e-01  2e-02  1e-01  9e-03
 6: -8.4790e-02 -1.0832e-01  1e-01  7e-03  4e-02  3e-03
 7: -7.8279e-02 -8.3485e-02  2e-02  1e-03  9e-03  3e-04
 8: -7.7095e-02 -7.7922e-02  3e-03  2e-04  1e-03  2e-05
 9: -7.6856e-02 -7.6875e-02  6e-05  5e-06  3e-05  3e-07
10: -7.6848e-02 -7.6848e-02  7e-07  6e-08  3e-07  3e-09
11: -7.6848e-02 -7.6848e-02  7e-09  6e-10  3e-09  3e-11
Optimal solution found.
     pcost       dcost       gap    pres   dres   k/t
 0: -1.6543e-02 -8.8834e+00  5e+02  6e+00  3e+01  1e+00
 1: -1.7893e-02 -1.5868e+00  7e+01  2e+00  1e+01  2e+00
 2: -1.9905e-02 -8.1502e-02  6e+00  4e-01  2e+00  5e-01
 3: -3.2611e-02 -8.2856e-02  2e+00  1e-01  5e-01  2e-01
 4: -5.0497e-02 -9.8670e-02  6e-01  5e-02  2e-01  4e-02
 5: -6.3469e-02 -8.6698e-02  2e-01  2e-02  1e-01  1e-02
 6: -7.5427e-02 -8.5984e-02  7e-02  1e-02  4e-02  5e-03
 7: -7.8669e-02 -7.9699e-02  5e-03  7e-04  3e-03  7e-05
 8: -7.9182e-02 -7.9234e-02  2e-04  4e-05  1e-04  3e-06
 9: -7.9200e-02 -7.9201e-02  7e-06  1e-06  5e-06  7e-08
10: -7.9200e-02 -7.9200e-02  7e-08  1e-08  5e-08  7e-10
Optimal solution found.
     pcost       dcost       gap    pres   dres   k/t
 0: -2.1185e-02 -1.1124e+01  5e+02  6e+00  3e+01  1e+00
 1: -2.1909e-02 -3.7593e+00  1e+02  3e+00  1e+01  2e+00
 2: -2.3165e-02 -3.8694e-01  1e+01  5e-01  2e+00  7e-01
 3: -3.0902e-02 -1.2399e-01  2e+00  1e-01  5e-01  1e-01
 4: -5.9899e-02 -1.2090e-01  4e-01  3e-02  2e-01  1e-02
 5: -7.6636e-02 -9.1883e-02  8e-02  8e-03  4e-02  2e-03
 6: -7.7516e-02 -8.3300e-02  2e-02  3e-03  1e-02  4e-04
 7: -7.8315e-02 -7.9188e-02  3e-03  4e-04  2e-03  3e-05
 8: -7.8402e-02 -7.8491e-02  3e-04  4e-05  2e-04  2e-06
 9: -7.8408e-02 -7.8410e-02  7e-06  1e-06  5e-06  3e-08
10: -7.8408e-02 -7.8408e-02  7e-08  1e-08  5e-08  3e-10
Optimal solution found.
     pcost       dcost       gap    pres   dres   k/t
 0: -1.7740e-02 -1.3283e+01  6e+02  5e+00  3e+01  1e+00
 1: -1.8499e-02 -6.0662e+00  2e+02  3e+00  1e+01  2e+00
 2: -1.9970e-02 -7.6330e-01  1e+01  6e-01  3e+00  7e-01
 3: -2.3749e-02 -1.6675e-01  2e+00  1e-01  5e-01  1e-01
 4: -3.6126e-02 -1.0646e-01  5e-01  3e-02  2e-01  2e-02
 5: -7.0355e-02 -1.1018e-01  2e-01  2e-02  9e-02  1e-02
 6: -7.6562e-02 -9.5477e-02  9e-02  9e-03  4e-02  5e-03
 7: -7.7252e-02 -8.1171e-02  1e-02  2e-03  8e-03  5e-04
 8: -7.7585e-02 -7.8117e-02  2e-03  2e-04  1e-03  7e-05
 9: -7.7625e-02 -7.7638e-02  4e-05  5e-06  3e-05  8e-07
10: -7.7624e-02 -7.7624e-02  5e-07  6e-08  3e-07  9e-09
11: -7.7624e-02 -7.7624e-02  5e-09  6e-10  3e-09  9e-11
Optimal solution found.
     pcost       dcost       gap    pres   dres   k/t
 0: -2.3251e-01 -1.7791e+01  8e+02  5e+00  3e+01  1e+00
 1: -2.4946e-01 -1.0483e+01  4e+02  3e+00  2e+01  2e+00
 2: -4.1761e-01 -1.5850e+00  2e+01  6e-01  3e+00  9e-01
 3: -2.5699e-01 -7.7871e-01  8e+00  2e-01  1e+00  4e-01
 4: -9.1272e-02 -2.6610e-01  2e+00  7e-02  4e-01  8e-02
 5: -8.7031e-02 -1.5303e-01  4e-01  2e-02  1e-01  9e-03
 6: -8.4790e-02 -1.0832e-01  1e-01  7e-03  4e-02  3e-03
 7: -7.8279e-02 -8.3485e-02  2e-02  1e-03  9e-03  3e-04
 8: -7.7095e-02 -7.7922e-02  3e-03  2e-04  1e-03  2e-05
 9: -7.6856e-02 -7.6875e-02  6e-05  5e-06  3e-05  3e-07
10: -7.6848e-02 -7.6848e-02  7e-07  6e-08  3e-07  3e-09
11: -7.6848e-02 -7.6848e-02  7e-09  6e-10  3e-09  3e-11
Optimal solution found.
     pcost       dcost       gap    pres   dres   k/t
 0: -1.6543e-02 -8.8834e+00  5e+02  6e+00  3e+01  1e+00
 1: -1.7893e-02 -1.5868e+00  7e+01  2e+00  1e+01  2e+00
 2: -1.9905e-02 -8.1502e-02  6e+00  4e-01  2e+00  5e-01
 3: -3.2611e-02 -8.2856e-02  2e+00  1e-01  5e-01  2e-01
 4: -5.0497e-02 -9.8670e-02  6e-01  5e-02  2e-01  4e-02
 5: -6.3469e-02 -8.6698e-02  2e-01  2e-02  1e-01  1e-02
 6: -7.5427e-02 -8.5984e-02  7e-02  1e-02  4e-02  5e-03
 7: -7.8669e-02 -7.9699e-02  5e-03  7e-04  3e-03  7e-05
 8: -7.9182e-02 -7.9234e-02  2e-04  4e-05  1e-04  3e-06
 9: -7.9200e-02 -7.9201e-02  7e-06  1e-06  5e-06  7e-08
10: -7.9200e-02 -7.9200e-02  7e-08  1e-08  5e-08  7e-10
Optimal solution found.
     pcost       dcost       gap    pres   dres   k/t
 0: -2.1185e-02 -1.1124e+01  5e+02  6e+00  3e+01  1e+00
 1: -2.1909e-02 -3.7593e+00  1e+02  3e+00  1e+01  2e+00
 2: -2.3165e-02 -3.8694e-01  1e+01  5e-01  2e+00  7e-01
 3: -3.0902e-02 -1.2399e-01  2e+00  1e-01  5e-01  1e-01
 4: -5.9899e-02 -1.2090e-01  4e-01  3e-02  2e-01  1e-02
 5: -7.6636e-02 -9.1883e-02  8e-02  8e-03  4e-02  2e-03
 6: -7.7516e-02 -8.3300e-02  2e-02  3e-03  1e-02  4e-04
 7: -7.8315e-02 -7.9188e-02  3e-03  4e-04  2e-03  3e-05
 8: -7.8402e-02 -7.8491e-02  3e-04  4e-05  2e-04  2e-06
 9: -7.8408e-02 -7.8410e-02  7e-06  1e-06  5e-06  3e-08
10: -7.8408e-02 -7.8408e-02  7e-08  1e-08  5e-08  3e-10
Optimal solution found.
     pcost       dcost       gap    pres   dres   k/t
 0: -1.7740e-02 -1.3283e+01  6e+02  5e+00  3e+01  1e+00
 1: -1.8499e-02 -6.0662e+00  2e+02  3e+00  1e+01  2e+00
 2: -1.9970e-02 -7.6330e-01  1e+01  6e-01  3e+00  7e-01
 3: -2.3749e-02 -1.6675e-01  2e+00  1e-01  5e-01  1e-01
 4: -3.6126e-02 -1.0646e-01  5e-01  3e-02  2e-01  2e-02
 5: -7.0355e-02 -1.1018e-01  2e-01  2e-02  9e-02  1e-02
 6: -7.6562e-02 -9.5477e-02  9e-02  9e-03  4e-02  5e-03
 7: -7.7252e-02 -8.1171e-02  1e-02  2e-03  8e-03  5e-04
 8: -7.7585e-02 -7.8117e-02  2e-03  2e-04  1e-03  7e-05
 9: -7.7625e-02 -7.7638e-02  4e-05  5e-06  3e-05  8e-07
10: -7.7624e-02 -7.7624e-02  5e-07  6e-08  3e-07  9e-09
11: -7.7624e-02 -7.7624e-02  5e-09  6e-10  3e-09  9e-11
Optimal solution found.
     pcost       dcost       gap    pres   dres   k/t
 0: -2.3251e-01 -1.7791e+01  8e+02  5e+00  3e+01  1e+00
 1: -2.4946e-01 -1.0483e+01  4e+02  3e+00  2e+01  2e+00
 2: -4.1761e-01 -1.5850e+00  2e+01  6e-01  3e+00  9e-01
 3: -2.5699e-01 -7.7871e-01  8e+00  2e-01  1e+00  4e-01
 4: -9.1272e-02 -2.6610e-01  2e+00  7e-02  4e-01  8e-02
 5: -8.7031e-02 -1.5303e-01  4e-01  2e-02  1e-01  9e-03
 6: -8.4790e-02 -1.0832e-01  1e-01  7e-03  4e-02  3e-03
 7: -7.8279e-02 -8.3485e-02  2e-02  1e-03  9e-03  3e-04
 8: -7.7095e-02 -7.7922e-02  3e-03  2e-04  1e-03  2e-05
 9: -7.6856e-02 -7.6875e-02  6e-05  5e-06  3e-05  3e-07
10: -7.6848e-02 -7.6848e-02  7e-07  6e-08  3e-07  3e-09
11: -7.6848e-02 -7.6848e-02  7e-09  6e-10  3e-09  3e-11
Optimal solution found.
scmdp policy solved
[[ 2.     1.86   1.834  1.779  1.745]
 [ 0.     0.04   0.008  0.011  0.006]
 [ 0.     0.     0.04   0.001  0.001]
 [ 0.     0.1    0.025  0.052  0.039]
 [ 0.     0.     0.     0.04   0.   ]
 [ 0.     0.     0.09   0.01   0.008]
 [ 0.     0.     0.     0.08   0.   ]
 [ 0.     0.     0.     0.     0.12 ]]
