0,0
1,0
2,0
3,0
4,0
5,0
6,0
7,0
8,3
9,3
10,3
11,3
12,9
13,21
14,21
15,24
16,30
17,45
18,51
19,70
20,73
21,88
22,106
23,116
24,123
25,129
26,154
27,161
28,167
29,182
30,194
31,206
32,230
33,243
34,255
35,267
36,282
37,286
38,307
39,313
40,337
41,365
42,368
43,386
44,395
45,411
46,415
47,429
48,435
49,441
50,459
51,471
52,489
53,498
54,513
55,525
56,543
57,546
58,562
59,580
60,594
61,600
62,615
63,636
64,645
65,651
66,661
67,673
68,686
69,692
70,699
71,715
72,721
73,743
74,749
75,764
76,771
77,783
78,789
79,801
80,804
81,814
82,821
83,830
84,843
85,861
86,876
87,888
88,894
89,900
90,906
91,912
92,919
93,925
94,928
95,934
96,937
97,940
98,941
99,950
100,956
101,959
102,959
103,963
104,969
105,981
106,990
107,1007
108,1017
109,1044
110,1125
111,1210
112,1338
113,1463
114,1800
115,2000
116,2000
117,2000
118,2000
119,2000
120,2000
121,2000
122,2000
123,2000
124,2000
125,2000
126,2000
127,2000
128,2000
129,2000
130,2000
131,2000
132,2000
133,2000
134,2000
135,2000
136,2000
137,2000
138,2000
139,2000
140,2000
141,2000
142,2000
143,2000
144,2000
145,2000
146,2000
147,2000
148,2000
149,2000
150,2000
151,2000
152,2000
153,2000
154,2000
155,2000
156,2000
157,2000
158,2000
159,2000
160,2000
161,2000
162,2000
163,2000
164,2000
165,2000
166,2000
167,2000
168,2000
169,2000
170,2000
171,2000
172,2000
173,2000
174,2000
175,2000
176,2000
177,2000
178,2000
179,2000
180,2000
181,2000
182,2000
183,2000
184,2000
185,2000
186,2000
187,2000
188,2000
189,2000
190,2000
191,2000
192,2000
193,2000
194,2000
195,2000
196,2000
197,2000
198,2000
