num_agent: 1000 algorithm: CENTRALIZED trans_suc_rate: 0.9 num_episode: 100 num_state: 11 rewards: [0, 1, 0.9, 0.8, 0.7, 0.6, 0.5, 0.4, 0.3, 0.2, 0.1] density: [1.0, 0.2, 0.1, 0.1, 0.2, 0.05, 0.05, 0.2, 0.1, 0.0, 0.0] drop_ratio: 0.0 add_ratio: 1.0
0,641.0,0
1,1310.9,0
2,1985.0,0
3,2660.0,0
4,3335.0,0
5,4010.0,0
6,4685.0,0
7,5360.0,0
8,6035.0,0
9,6710.0,0
10,7385.0,0
11,8060.0,0
12,8735.0,0
13,9410.0,0
14,10085.0,0
15,10760.0,0
16,11435.0,0
17,12110.0,0
18,12785.0,0
19,13460.0,0
20,14135.0,0
21,14810.0,0
22,15485.0,0
23,16160.0,0
24,16835.0,0
25,17510.0,0
26,18185.0,0
27,18860.0,0
28,19535.0,0
29,20210.0,0
30,20885.0,0
31,21560.0,0
32,22235.0,0
33,22910.0,0
34,23585.0,0
35,24260.0,0
36,24935.0,0
37,25610.0,0
38,26285.0,0
39,26960.0,0
40,27635.0,0
41,28310.0,0
42,28985.0,0
43,29660.0,0
44,30335.0,0
45,31010.0,0
46,31685.0,0
47,32360.0,0
48,33035.0,0
49,33710.0,0
50,34385.0,0
51,35060.0,0
52,35735.0,0
53,36410.0,0
54,37085.0,0
55,37760.0,0
56,38435.0,0
57,39110.0,0
58,39785.0,0
59,40460.0,0
60,41135.0,0
61,41810.0,0
62,42485.0,0
63,43160.0,0
64,43835.0,0
65,44510.0,0
66,45185.0,0
67,45860.0,0
68,46535.0,0
69,47210.0,0
70,47885.0,0
71,48560.0,0
72,49235.0,0
73,49910.0,0
74,50585.0,0
75,51260.0,0
76,51935.0,0
77,52610.0,0
78,53285.0,0
79,53960.0,0
80,54635.0,0
81,55310.0,0
82,55985.0,0
83,56660.0,0
84,57335.0,0
85,58010.0,0
86,58685.0,0
87,59360.0,0
88,60035.0,0
89,60710.0,0
90,61385.0,0
91,62060.0,0
92,62735.0,0
93,63410.0,0
94,64085.0,0
95,64760.0,0
96,65435.0,0
97,66110.0,0
98,66785.0,0
