num_agent: 1000 algorithm: CENTRALIZED trans_suc_rate: 0.9 num_episode: 100 num_state: 11 rewards: [0, 1, 0.9, 0.8, 0.7, 0.6, 0.5, 0.4, 0.3, 0.2, 0.1] density: [1.0, 0.2, 0.1, 0.1, 0.2, 0.05, 0.05, 0.2, 0.1, 0.0, 0.0] drop_ratio: 0.0 add_ratio: 1.0
0,645.0,0
1,1314.9,0
2,1989.3,0
3,2664.0,0
4,3339.0,0
5,4014.0,0
6,4689.0,0
7,5364.0,0
8,6039.0,0
9,6714.0,0
10,7389.0,0
11,8064.0,0
12,8739.0,0
13,9414.0,0
14,10089.0,0
15,10764.0,0
16,11439.0,0
17,12114.0,0
18,12789.0,0
19,13464.0,0
20,14139.0,0
21,14814.0,0
22,15489.0,0
23,16164.0,0
24,16839.0,0
25,17514.0,0
26,18189.0,0
27,18864.0,0
28,19539.0,0
29,20214.0,0
30,20889.0,0
31,21564.0,0
32,22239.0,0
33,22914.0,0
34,23589.0,0
35,24264.0,0
36,24939.0,0
37,25614.0,0
38,26289.0,0
39,26964.0,0
40,27639.0,0
41,28314.0,0
42,28989.0,0
43,29664.0,0
44,30339.0,0
45,31014.0,0
46,31689.0,0
47,32364.0,0
48,33039.0,0
49,33714.0,0
50,34389.0,0
51,35064.0,0
52,35739.0,0
53,36414.0,0
54,37089.0,0
55,37764.0,0
56,38439.0,0
57,39114.0,0
58,39789.0,0
59,40464.0,0
60,41139.0,0
61,41814.0,0
62,42489.0,0
63,43164.0,0
64,43839.0,0
65,44514.0,0
66,45189.0,0
67,45864.0,0
68,46539.0,0
69,47214.0,0
70,47889.0,0
71,48564.0,0
72,49239.0,0
73,49914.0,0
74,50589.0,0
75,51264.0,0
76,51939.0,0
77,52614.0,0
78,53289.0,0
79,53964.0,0
80,54639.0,0
81,55314.0,0
82,55989.0,0
83,56664.0,0
84,57339.0,0
85,58014.0,0
86,58689.0,0
87,59364.0,0
88,60039.0,0
89,60714.0,0
90,61389.0,0
91,62064.0,0
92,62739.0,0
93,63414.0,0
94,64089.0,0
95,64764.0,0
96,65439.0,0
97,66114.0,0
98,66789.0,0
