num_agent: 1000 algorithm: SAFE trans_suc_rate: 0.9 num_episode: 100 num_state: 11 rewards: [0, 1, 0.9, 0.8, 0.7, 0.6, 0.5, 0.4, 0.3, 0.2, 0.1] density: [1.0, 0.2, 0.1, 0.1, 0.2, 0.05, 0.05, 0.2, 0.1, 0.0, 0.0] drop_ratio: 0.0 add_ratio: 1.0
0,299.3,0
1,654.3,0
2,974.5,0
3,1300.4,0
4,1633.6,0
5,1962.6,0
6,2305.3,0
7,2657.1,0
8,2987.8,0
9,3342.1,0
10,3681.4,0
11,3992.9,0
12,4322.9,0
13,4664.5,0
14,4991.8,0
15,5319.6,0
16,5663.1,0
17,5990.2,0
18,6325.0,0
19,6673.3,0
20,7013.9,0
21,7341.2,0
22,7671.9,0
23,8005.2,0
24,8341.8,0
25,8674.9,0
26,9019.3,0
27,9368.2,0
28,9704.4,0
29,10027.0,0
30,10364.7,0
31,10704.5,0
32,11046.6,0
33,11379.6,0
34,11701.3,0
35,12043.2,0
36,12373.2,0
37,12710.2,0
38,13055.7,0
39,13403.7,0
40,13741.8,0
41,14063.1,0
42,14395.4,0
43,14725.8,0
44,15092.9,0
45,15437.0,0
46,15761.6,0
47,16092.5,0
48,16429.9,0
49,16747.7,0
50,17075.0,0
51,17393.3,0
52,17724.3,0
53,18054.6,0
54,18402.3,0
55,18739.3,0
56,19072.1,0
57,19394.9,0
58,19724.9,0
59,20080.1,0
60,20423.8,0
61,20748.3,0
62,21081.4,0
63,21423.7,0
64,21744.7,0
65,22086.6,0
66,22411.0,0
67,22752.6,0
68,23101.3,0
69,23441.4,0
70,23773.2,0
71,24091.5,0
72,24415.8,0
73,24763.4,0
74,25108.8,0
75,25450.4,0
76,25777.4,0
77,26109.9,0
78,26441.1,0
79,26781.7,0
80,27121.5,0
81,27471.4,0
82,27795.7,0
83,28137.9,0
84,28473.3,0
85,28812.7,0
86,29117.2,0
87,29445.8,0
88,29762.3,0
89,30101.4,0
90,30434.8,0
91,30775.7,0
92,31126.6,0
93,31468.6,0
94,31807.6,0
95,32164.9,0
96,32489.4,0
97,32832.1,0
98,33187.5,0
