0,0
1,0
2,0
3,0
4,0
5,0
6,0
7,0
8,0
9,0
10,3
11,6
12,9
13,13
14,16
15,19
16,25
17,31
18,55
19,70
20,74
21,80
22,98
23,101
24,116
25,126
26,132
27,159
28,180
29,186
30,189
31,201
32,219
33,222
34,234
35,240
36,252
37,261
38,267
39,280
40,301
41,314
42,323
43,335
44,338
45,359
46,369
47,375
48,381
49,396
50,411
51,426
52,442
53,442
54,445
55,448
56,466
57,472
58,472
59,487
60,499
61,508
62,517
63,527
64,533
65,540
66,544
67,550
68,560
69,572
70,589
71,604
72,620
73,642
74,668
75,674
76,692
77,702
78,709
79,733
80,736
81,739
82,754
83,763
84,769
85,778
86,781
87,784
88,794
89,797
90,803
91,806
92,809
93,809
94,818
95,827
96,830
97,842
98,855
99,861
100,874
101,884
102,889
103,899
104,899
105,908
106,914
107,917
108,923
109,935
110,941
111,950
112,959
113,960
114,969
115,969
116,978
117,985
118,986
119,994
120,998
121,1013
122,1023
123,1050
124,1116
125,1185
126,1321
127,1470
128,1822
129,2000
130,2000
131,2000
132,2000
133,2000
134,2000
135,2000
136,2000
137,2000
138,2000
139,2000
140,2000
141,2000
142,2000
143,2000
144,2000
145,2000
146,2000
147,2000
148,2000
149,2000
150,2000
151,2000
152,2000
153,2000
154,2000
155,2000
156,2000
157,2000
158,2000
159,2000
160,2000
161,2000
162,2000
163,2000
164,2000
165,2000
166,2000
167,2000
168,2000
169,2000
170,2000
171,2000
172,2000
173,2000
174,2000
175,2000
176,2000
177,2000
178,2000
179,2000
180,2000
181,2000
182,2000
183,2000
184,2000
185,2000
186,2000
187,2000
188,2000
189,2000
190,2000
191,2000
192,2000
193,2000
194,2000
195,2000
196,2000
197,2000
198,2000
