0,0
1,0
2,0
3,0
4,0
5,0
6,0
7,0
8,0
9,0
10,0
11,9
12,12
13,21
14,24
15,30
16,40
17,52
18,64
19,88
20,97
21,103
22,109
23,133
24,142
25,160
26,175
27,187
28,203
29,212
30,230
31,240
32,252
33,256
34,262
35,278
36,299
37,314
38,329
39,341
40,357
41,363
42,378
43,394
44,406
45,421
46,436
47,445
48,460
49,469
50,482
51,494
52,501
53,516
54,532
55,541
56,547
57,560
58,581
59,596
60,611
61,620
62,629
63,633
64,639
65,648
66,658
67,664
68,673
69,679
70,688
71,691
72,703
73,708
74,717
75,727
76,742
77,754
78,758
79,765
80,771
81,780
82,789
83,798
84,813
85,829
86,845
87,851
88,857
89,860
90,873
91,885
92,897
93,903
94,909
95,916
96,919
97,925
98,931
99,943
100,949
101,955
102,964
103,967
104,970
105,982
106,985
107,985
108,989
109,996
110,999
111,1002
112,1008
113,1041
114,1100
115,1182
116,1317
117,1469
118,1807
119,2000
120,2000
121,2000
122,2000
123,2000
124,2000
125,2000
126,2000
127,2000
128,2000
129,2000
130,2000
131,2000
132,2000
133,2000
134,2000
135,2000
136,2000
137,2000
138,2000
139,2000
140,2000
141,2000
142,2000
143,2000
144,2000
145,2000
146,2000
147,2000
148,2000
149,2000
150,2000
151,2000
152,2000
153,2000
154,2000
155,2000
156,2000
157,2000
158,2000
159,2000
160,2000
161,2000
162,2000
163,2000
164,2000
165,2000
166,2000
167,2000
168,2000
169,2000
170,2000
171,2000
172,2000
173,2000
174,2000
175,2000
176,2000
177,2000
178,2000
179,2000
180,2000
181,2000
182,2000
183,2000
184,2000
185,2000
186,2000
187,2000
188,2000
189,2000
190,2000
191,2000
192,2000
193,2000
194,2000
195,2000
196,2000
197,2000
198,2000
