0,0
1,0
2,0
3,0
4,0
5,0
6,0
7,0
8,3
9,6
10,9
11,12
12,18
13,22
14,31
15,40
16,46
17,61
18,70
19,82
20,94
21,103
22,121
23,124
24,148
25,160
26,167
27,180
28,195
29,207
30,213
31,235
32,238
33,266
34,278
35,284
36,299
37,302
38,317
39,323
40,339
41,349
42,366
43,373
44,379
45,385
46,398
47,410
48,420
49,432
50,442
51,454
52,467
53,470
54,482
55,488
56,501
57,519
58,531
59,543
60,544
61,551
62,560
63,576
64,580
65,582
66,600
67,609
68,622
69,631
70,634
71,640
72,658
73,662
74,666
75,670
76,684
77,696
78,705
79,705
80,705
81,720
82,726
83,732
84,738
85,744
86,762
87,763
88,772
89,775
90,787
91,790
92,796
93,802
94,805
95,817
96,824
97,830
98,833
99,842
100,851
101,859
102,868
103,877
104,886
105,893
106,896
107,899
108,902
109,911
110,914
111,920
112,923
113,929
114,932
115,938
116,944
117,953
118,953
119,971
120,971
121,974
122,974
123,975
124,982
125,983
126,990
127,993
128,997
129,1006
130,1010
131,1041
132,1106
133,1185
134,1333
135,1469
136,1803
137,2000
138,2000
139,2000
140,2000
141,2000
142,2000
143,2000
144,2000
145,2000
146,2000
147,2000
148,2000
149,2000
150,2000
151,2000
152,2000
153,2000
154,2000
155,2000
156,2000
157,2000
158,2000
159,2000
160,2000
161,2000
162,2000
163,2000
164,2000
165,2000
166,2000
167,2000
168,2000
169,2000
170,2000
171,2000
172,2000
173,2000
174,2000
175,2000
176,2000
177,2000
178,2000
179,2000
180,2000
181,2000
182,2000
183,2000
184,2000
185,2000
186,2000
187,2000
188,2000
189,2000
190,2000
191,2000
192,2000
193,2000
194,2000
195,2000
196,2000
197,2000
198,2000
