num_agent: 3000 algorithm: CENTRALIZED trans_suc_rate: 0.9 num_episode: 100 num_state: 11 rewards: [0, 1, 0.9, 0.8, 0.7, 0.6, 0.5, 0.4, 0.3, 0.2, 0.1] density: [1.0, 0.02, 0.1, 0.5, 0.01, 0.04, 0.3, 0.2, 0.01, 0.1, 0.2] drop_ratio: 0.0 add_ratio: 1.0
0,1973.5,0
1,4072.1,0
2,6179.5,0
3,8288.1,0
4,10397.1,0
5,12506.1,0
6,14615.1,0
7,16724.1,0
8,18833.1,0
9,20942.1,0
10,23051.1,0
11,25160.1,0
12,27269.1,0
13,29378.1,0
14,31487.1,0
15,33596.1,0
16,35705.1,0
17,37814.1,0
18,39923.1,0
19,42032.1,0
20,44141.1,0
21,46250.1,0
22,48359.1,0
23,50468.1,0
24,52577.1,0
25,54686.1,0
26,56795.1,0
27,58904.1,0
28,61013.1,0
29,63122.1,0
30,65231.1,0
31,67340.1,0
32,69449.1,0
33,71558.1,0
34,73667.1,0
35,75776.1,0
36,77885.1,0
37,79994.1,0
38,82103.1,0
39,84212.1,0
40,86321.1,0
41,88430.1,0
42,90539.1,0
43,92648.1,0
44,94757.1,0
45,96866.1,0
46,98975.1,0
47,101084.1,0
48,103193.1,0
49,105302.1,0
50,107411.1,0
51,109520.1,0
52,111629.1,0
53,113738.1,0
54,115847.1,0
55,117956.1,0
56,120065.1,0
57,122174.1,0
58,124283.1,0
59,126392.1,0
60,128501.1,0
61,130610.1,0
62,132719.1,0
63,134828.1,0
64,136937.1,0
65,139046.1,0
66,141155.1,0
67,143264.1,0
68,145373.1,0
69,147482.1,0
70,149591.1,0
71,151700.1,0
72,153809.1,0
73,155918.1,0
74,158027.1,0
75,160136.1,0
76,162245.1,0
77,164354.1,0
78,166463.1,0
79,168572.1,0
80,170681.1,0
81,172790.1,0
82,174899.1,0
83,177008.1,0
84,179117.1,0
85,181226.1,0
86,183335.1,0
87,185444.1,0
88,187553.1,0
89,189662.1,0
90,191771.1,0
91,193880.1,0
92,195989.1,0
93,198098.1,0
94,200207.1,0
95,202316.1,0
96,204425.1,0
97,206534.1,0
98,208643.1,0
