num_agent: 1000 algorithm: CENTRALIZED trans_suc_rate: 0.9 num_episode: 50 num_state: 11 rewards: [0, 1, 0.9, 0.8, 0.7, 0.6, 0.5, 0.4, 0.3, 0.2, 0.1] density: [1.0, 0.02, 0.1, 0.5, 0.01, 0.04, 0.3, 0.2, 0.01, 0.1, 0.2] drop_ratio: 0.0 add_ratio: 1.0
0,646.5,0
1,1345.5,0
2,2048.1,0
3,2751.1,0
4,3454.1,0
5,4157.1,0
6,4860.1,0
7,5563.1,0
8,6266.1,0
9,6969.1,0
10,7672.1,0
11,8375.1,0
12,9078.1,0
13,9781.1,0
14,10484.1,0
15,11187.1,0
16,11890.1,0
17,12593.1,0
18,13296.1,0
19,13999.1,0
20,14702.1,0
21,15405.1,0
22,16108.1,0
23,16811.1,0
24,17514.1,0
25,18217.1,0
26,18920.1,0
27,19623.1,0
28,20326.1,0
29,21029.1,0
30,21732.1,0
31,22435.1,0
32,23138.1,0
33,23841.1,0
34,24544.1,0
35,25247.1,0
36,25950.1,0
37,26653.1,0
38,27356.1,0
39,28059.1,0
40,28762.1,0
41,29465.1,0
42,30168.1,0
43,30871.1,0
44,31574.1,0
45,32277.1,0
46,32980.1,0
47,33683.1,0
48,34386.1,0
