num_agent: 1000 algorithm: CENTRALIZED trans_suc_rate: 0.9 num_episode: 50 num_state: 11 rewards: [0, 1, 0.9, 0.8, 0.7, 0.6, 0.5, 0.4, 0.3, 0.2, 0.1] density: [1.0, 0.02, 0.1, 0.5, 0.01, 0.04, 0.3, 0.2, 0.01, 0.1, 0.2] drop_ratio: 0.0 add_ratio: 1.0
0,650.5,0
1,1350.7,0
2,2053.3,0
3,2756.3,0
4,3459.3,0
5,4162.3,0
6,4865.3,0
7,5568.3,0
8,6271.3,0
9,6974.3,0
10,7677.3,0
11,8380.3,0
12,9083.3,0
13,9786.3,0
14,10489.3,0
15,11192.3,0
16,11895.3,0
17,12598.3,0
18,13301.3,0
19,14004.3,0
20,14707.3,0
21,15410.3,0
22,16113.3,0
23,16816.3,0
24,17519.3,0
25,18222.3,0
26,18925.3,0
27,19628.3,0
28,20331.3,0
29,21034.3,0
30,21737.3,0
31,22440.3,0
32,23143.3,0
33,23846.3,0
34,24549.3,0
35,25252.3,0
36,25955.3,0
37,26658.3,0
38,27361.3,0
39,28064.3,0
40,28767.3,0
41,29470.3,0
42,30173.3,0
43,30876.3,0
44,31579.3,0
45,32282.3,0
46,32985.3,0
47,33688.3,0
48,34391.3,0
