num_agent: 3000 algorithm: GREEDY trans_suc_rate: 0.9 num_episode: 100 num_state: 11 rewards: [0, 1, 0.9, 0.8, 0.7, 0.6, 0.5, 0.4, 0.3, 0.2, 0.1] density: [1.0, 0.02, 0.1, 0.5, 0.01, 0.04, 0.3, 0.2, 0.01, 0.1, 0.2] drop_ratio: 0.0 add_ratio: 1.0
0,992.1,1148
1,2010.2,2506
2,3009.0,3929
3,4042.2,5273
4,5041.9,6687
5,6066.3,8065
6,7074.4,9461
7,8123.4,10794
8,9188.1,12123
9,10222.4,13472
10,11231.9,14887
11,12266.0,16270
12,13294.1,17647
13,14326.4,19007
14,15347.7,20382
15,16381.2,21751
16,17434.3,23114
17,18476.3,24472
18,19504.8,25840
19,20521.9,27230
20,21536.3,28622
21,22547.5,30014
22,23597.9,31359
23,24652.1,32680
24,25686.9,34040
25,26738.4,35399
26,27780.4,36749
27,28803.2,38127
28,29796.4,39548
29,30827.1,40915
30,31841.1,42291
31,32895.8,43632
32,33923.7,45018
33,34946.3,46415
34,35962.7,47790
35,36999.4,49158
36,38026.4,50530
37,39065.0,51911
38,40102.9,53257
39,41156.4,54582
40,42189.1,55964
41,43203.9,57364
42,44249.0,58715
43,45279.1,60081
44,46297.4,61460
45,47335.4,62834
46,48372.5,64193
47,49396.8,65587
48,50458.0,66882
49,51500.9,68239
50,52523.2,69635
51,53546.3,71007
52,54564.7,72395
53,55557.2,73820
54,56618.9,75151
55,57625.9,76557
56,58666.7,77926
57,59692.8,79298
58,60717.4,80684
59,61750.2,82054
60,62796.9,83434
61,63811.5,84822
62,64858.8,86176
63,65900.7,87530
64,66954.8,88877
65,68014.2,90224
66,69039.6,91630
67,70056.4,93013
68,71066.8,94395
69,72106.6,95740
70,73161.9,97070
71,74187.3,98450
72,75204.6,99843
73,76244.1,101206
74,77284.4,102578
75,78315.4,103954
76,79355.6,105314
77,80393.5,106673
78,81428.5,108018
79,82454.2,109410
80,83504.3,110742
81,84560.0,112068
82,85591.6,113454
83,86630.1,114801
84,87649.8,116193
85,88674.5,117566
86,89707.9,118905
87,90737.9,120267
88,91789.9,121601
89,92809.0,122991
90,93820.3,124393
91,94886.9,125722
92,95923.4,127082
93,96943.9,128454
94,97979.2,129813
95,98999.1,131201
96,100009.0,132608
97,101041.5,133984
98,102049.8,135367
