num_agent: 3000 algorithm: SAFE trans_suc_rate: 0.9 num_episode: 100 num_state: 11 rewards: [0, 1, 0.9, 0.8, 0.7, 0.6, 0.5, 0.4, 0.3, 0.2, 0.1] density: [1.0, 0.02, 0.1, 0.5, 0.01, 0.04, 0.3, 0.2, 0.01, 0.1, 0.2] drop_ratio: 0.0 add_ratio: 1.0
0,863.2,0
1,1829.1,0
2,2805.4,0
3,3752.2,0
4,4724.7,0
5,5719.9,0
6,6710.6,0
7,7686.0,0
8,8640.7,0
9,9638.0,0
10,10639.2,0
11,11615.2,0
12,12601.6,0
13,13570.2,0
14,14534.5,0
15,15464.5,0
16,16455.3,0
17,17437.7,0
18,18441.7,0
19,19439.3,0
20,20432.6,0
21,21431.8,0
22,22399.6,0
23,23387.8,0
24,24399.8,0
25,25392.7,0
26,26360.2,0
27,27323.8,0
28,28290.9,0
29,29273.4,0
30,30287.4,0
31,31304.3,0
32,32298.7,0
33,33289.9,0
34,34291.8,0
35,35298.8,0
36,36274.2,0
37,37220.5,0
38,38205.2,0
39,39190.4,0
40,40179.8,0
41,41201.3,0
42,42141.3,0
43,43130.8,0
44,44144.0,0
45,45157.5,0
46,46141.5,0
47,47116.7,0
48,48126.1,0
49,49070.3,0
50,50029.0,0
51,51005.3,0
52,51982.4,0
53,52963.5,0
54,53944.0,0
55,54925.4,0
56,55894.1,0
57,56872.3,0
58,57882.1,0
59,58866.5,0
60,59834.3,0
61,60769.6,0
62,61719.6,0
63,62698.4,0
64,63715.4,0
65,64683.6,0
66,65609.6,0
67,66609.9,0
68,67610.8,0
69,68624.7,0
70,69608.6,0
71,70569.6,0
72,71570.2,0
73,72582.9,0
74,73565.1,0
75,74512.2,0
76,75507.1,0
77,76506.2,0
78,77469.6,0
79,78439.0,0
80,79408.4,0
81,80436.5,0
82,81411.5,0
83,82415.4,0
84,83380.7,0
85,84358.5,0
86,85335.4,0
87,86340.3,0
88,87333.5,0
89,88325.5,0
90,89316.2,0
91,90320.9,0
92,91349.4,0
93,92354.0,0
94,93328.7,0
95,94353.6,0
96,95342.6,0
97,96321.5,0
98,97298.0,0
