num_agent: 1000 algorithm: SAFE trans_suc_rate: 0.9 num_episode: 50 num_state: 11 rewards: [0, 1, 0.9, 0.8, 0.7, 0.6, 0.5, 0.4, 0.3, 0.2, 0.1] density: [1.0, 0.02, 0.1, 0.5, 0.01, 0.04, 0.3, 0.2, 0.01, 0.1, 0.2] drop_ratio: 0.0 add_ratio: 1.0
0,308.8,0
1,651.3,0
2,974.2,0
3,1296.9,0
4,1617.7,0
5,1950.5,0
6,2292.1,0
7,2623.3,0
8,2947.0,0
9,3256.3,0
10,3575.0,0
11,3897.8,0
12,4216.2,0
13,4542.2,0
14,4872.3,0
15,5198.6,0
16,5537.8,0
17,5866.8,0
18,6191.8,0
19,6535.8,0
20,6862.3,1
21,7172.7,1
22,7503.4,1
23,7849.0,1
24,8191.0,1
25,8525.6,1
26,8850.9,1
27,9185.4,1
28,9500.2,1
29,9837.9,1
30,10158.7,1
31,10471.8,1
32,10778.7,1
33,11103.8,1
34,11426.6,1
35,11773.4,1
36,12107.4,1
37,12444.0,1
38,12784.2,1
39,13098.8,1
40,13444.5,1
41,13762.0,1
42,14096.3,1
43,14414.7,1
44,14745.0,1
45,15077.8,1
46,15409.1,1
47,15727.7,1
48,16061.5,1
