num_agent: 1000 algorithm: SAFE trans_suc_rate: 0.9 num_episode: 50 num_state: 11 rewards: [0, 1, 0.9, 0.8, 0.7, 0.6, 0.5, 0.4, 0.3, 0.2, 0.1] density: [1.0, 0.02, 0.1, 0.5, 0.01, 0.04, 0.3, 0.2, 0.01, 0.1, 0.2] drop_ratio: 0.0 add_ratio: 1.0
0,294.1,0
1,622.2,0
2,944.7,0
3,1276.5,0
4,1612.0,0
5,1950.1,0
6,2275.4,0
7,2601.1,0
8,2913.4,0
9,3254.8,0
10,3588.3,0
11,3899.2,0
12,4229.1,0
13,4578.4,0
14,4898.4,0
15,5229.5,0
16,5541.0,0
17,5880.7,0
18,6197.7,0
19,6525.4,0
20,6851.6,0
21,7179.1,0
22,7492.0,0
23,7837.2,0
24,8163.9,0
25,8475.1,0
26,8791.0,0
27,9132.7,0
28,9458.0,0
29,9766.6,0
30,10091.2,0
31,10417.0,0
32,10744.3,0
33,11077.6,0
34,11410.9,0
35,11752.3,0
36,12087.7,0
37,12402.0,0
38,12716.5,0
39,13046.2,0
40,13383.9,0
41,13694.6,0
42,14030.7,0
43,14352.8,0
44,14674.1,0
45,14993.6,0
46,15317.5,0
47,15642.8,0
48,15963.4,0
