num_agent: 1000 algorithm: SAFE trans_suc_rate: 0.9 num_episode: 50 num_state: 11 rewards: [0, 1, 0.9, 0.8, 0.7, 0.6, 0.5, 0.4, 0.3, 0.2, 0.1] density: [1.0, 0.02, 0.1, 0.5, 0.01, 0.04, 0.3, 0.2, 0.01, 0.1, 0.2] drop_ratio: 0.0 add_ratio: 1.0
0,282.6,0
1,601.3,0
2,925.9,0
3,1246.0,0
4,1559.0,0
5,1894.8,0
6,2213.4,0
7,2532.4,0
8,2866.5,0
9,3195.6,0
10,3522.6,0
11,3843.5,0
12,4173.2,0
13,4507.5,0
14,4840.7,0
15,5159.5,0
16,5467.8,0
17,5788.1,0
18,6120.6,0
19,6447.9,0
20,6789.8,0
21,7125.3,0
22,7464.3,0
23,7795.8,0
24,8138.9,0
25,8461.8,0
26,8797.6,0
27,9132.5,0
28,9459.1,0
29,9796.1,0
30,10126.9,0
31,10445.7,0
32,10776.0,0
33,11090.8,0
34,11422.1,0
35,11756.6,0
36,12071.6,0
37,12401.5,0
38,12742.0,0
39,13076.1,0
40,13399.0,0
41,13731.9,0
42,14051.1,0
43,14394.7,0
44,14725.2,0
45,15052.6,0
46,15364.6,0
47,15698.1,0
48,16020.2,0
