num_agent: 1000 algorithm: SAFE trans_suc_rate: 0.9 num_episode: 50 num_state: 11 rewards: [0, 1, 0.9, 0.8, 0.7, 0.6, 0.5, 0.4, 0.3, 0.2, 0.1] density: [1.0, 0.02, 0.1, 0.5, 0.01, 0.04, 0.3, 0.2, 0.01, 0.1, 0.2] drop_ratio: 0.0 add_ratio: 1.0
0,311.9,0
1,658.3,0
2,977.0,0
3,1288.4,0
4,1624.5,0
5,1957.1,0
6,2303.6,0
7,2631.6,0
8,2963.0,0
9,3273.0,0
10,3598.3,0
11,3924.0,0
12,4256.5,0
13,4589.3,0
14,4925.5,0
15,5256.5,0
16,5571.1,0
17,5901.5,0
18,6220.1,0
19,6553.5,0
20,6870.5,0
21,7200.8,0
22,7518.0,0
23,7839.4,0
24,8151.1,0
25,8479.1,0
26,8796.5,0
27,9106.0,0
28,9413.4,0
29,9737.1,0
30,10066.6,0
31,10392.6,0
32,10731.3,0
33,11091.8,0
34,11413.9,0
35,11738.1,0
36,12079.0,0
37,12397.8,0
38,12711.4,0
39,13043.7,0
40,13375.3,0
41,13670.9,0
42,13988.0,0
43,14302.1,0
44,14644.4,0
45,14975.8,0
46,15307.9,0
47,15641.6,0
48,15957.2,0
