num_agent: 1000 algorithm: SAFE trans_suc_rate: 0.9 num_episode: 50 num_state: 11 rewards: [0, 1, 0.9, 0.8, 0.7, 0.6, 0.5, 0.4, 0.3, 0.2, 0.1] density: [1.0, 0.02, 0.1, 0.5, 0.01, 0.04, 0.3, 0.2, 0.01, 0.1, 0.2] drop_ratio: 0.0 add_ratio: 1.0
0,291.8,0
1,619.0,0
2,963.5,0
3,1303.2,0
4,1640.9,0
5,1958.9,0
6,2283.4,0
7,2603.1,0
8,2926.5,0
9,3265.2,0
10,3599.2,0
11,3924.5,0
12,4250.0,0
13,4585.3,0
14,4894.5,0
15,5196.1,0
16,5516.3,0
17,5843.3,0
18,6181.9,0
19,6502.7,0
20,6826.8,0
21,7152.8,0
22,7485.0,0
23,7825.7,0
24,8155.1,0
25,8484.1,0
26,8820.4,0
27,9131.0,0
28,9471.3,0
29,9793.5,0
30,10138.0,0
31,10451.8,0
32,10799.0,0
33,11134.9,0
34,11455.6,0
35,11769.8,0
36,12096.2,0
37,12417.7,0
38,12752.3,0
39,13096.8,0
40,13416.9,0
41,13742.1,0
42,14066.8,0
43,14393.6,0
44,14724.9,0
45,15065.2,0
46,15410.6,0
47,15744.2,0
48,16059.9,0
