num_agent: 1000 algorithm: CENTRALIZED trans_suc_rate: 0.9 num_episode: 100 num_state: 11 rewards: [0, 1, 0.9, 0.8, 0.7, 0.6, 0.5, 0.4, 0.3, 0.2, 0.1] density: [1.0, 0.2, 0.1, 0.1, 0.2, 0.05, 0.05, 0.2, 0.1, 0.0, 0.0] drop_ratio: 0.0 add_ratio: 1.0
0,641.0,0
1,1311.5,0
2,1986.2,0
3,2661.2,0
4,3336.2,0
5,4011.2,0
6,4686.2,0
7,5361.2,0
8,6036.2,0
9,6711.2,0
10,7386.2,0
11,8061.2,0
12,8736.2,0
13,9411.2,0
14,10086.2,0
15,10761.2,0
16,11436.2,0
17,12111.2,0
18,12786.2,0
19,13461.2,0
20,14136.2,0
21,14811.2,0
22,15486.2,0
23,16161.2,0
24,16836.2,0
25,17511.2,0
26,18186.2,0
27,18861.2,0
28,19536.2,0
29,20211.2,0
30,20886.2,0
31,21561.2,0
32,22236.2,0
33,22911.2,0
34,23586.2,0
35,24261.2,0
36,24936.2,0
37,25611.2,0
38,26286.2,0
39,26961.2,0
40,27636.2,0
41,28311.2,0
42,28986.2,0
43,29661.2,0
44,30336.2,0
45,31011.2,0
46,31686.2,0
47,32361.2,0
48,33036.2,0
49,33711.2,0
50,34386.2,0
51,35061.2,0
52,35736.2,0
53,36411.2,0
54,37086.2,0
55,37761.2,0
56,38436.2,0
57,39111.2,0
58,39786.2,0
59,40461.2,0
60,41136.2,0
61,41811.2,0
62,42486.2,0
63,43161.2,0
64,43836.2,0
65,44511.2,0
66,45186.2,0
67,45861.2,0
68,46536.2,0
69,47211.2,0
70,47886.2,0
71,48561.2,0
72,49236.2,0
73,49911.2,0
74,50586.2,0
75,51261.2,0
76,51936.2,0
77,52611.2,0
78,53286.2,0
79,53961.2,0
80,54636.2,0
81,55311.2,0
82,55986.2,0
83,56661.2,0
84,57336.2,0
85,58011.2,0
86,58686.2,0
87,59361.2,0
88,60036.2,0
89,60711.2,0
90,61386.2,0
91,62061.2,0
92,62736.2,0
93,63411.2,0
94,64086.2,0
95,64761.2,0
96,65436.2,0
97,66111.2,0
98,66786.2,0
