num_agent: 1000 algorithm: SAFE trans_suc_rate: 0.9 num_episode: 100 num_state: 11 rewards: [0, 1, 0.9, 0.8, 0.7, 0.6, 0.5, 0.4, 0.3, 0.2, 0.1] density: [1.0, 0.2, 0.1, 0.1, 0.2, 0.05, 0.05, 0.2, 0.1, 0.0, 0.0] drop_ratio: 0.0 add_ratio: 1.0
0,303.9,0
1,622.3,0
2,958.4,0
3,1292.6,0
4,1644.3,0
5,1998.0,0
6,2349.8,0
7,2683.6,0
8,3024.3,0
9,3369.2,0
10,3726.3,0
11,4060.7,0
12,4383.8,0
13,4715.2,0
14,5055.5,0
15,5412.3,0
16,5747.2,0
17,6072.4,0
18,6422.4,0
19,6764.5,0
20,7096.5,0
21,7410.1,0
22,7731.9,0
23,8057.8,0
24,8398.8,0
25,8722.9,0
26,9048.4,0
27,9374.6,0
28,9729.1,0
29,10077.6,0
30,10410.7,0
31,10735.9,0
32,11091.8,0
33,11431.3,0
34,11757.1,0
35,12102.1,0
36,12458.1,0
37,12796.1,0
38,13137.5,0
39,13479.1,0
40,13808.1,0
41,14157.2,0
42,14494.6,0
43,14815.7,0
44,15151.2,0
45,15488.1,0
46,15816.0,0
47,16152.5,0
48,16474.1,0
49,16801.8,0
50,17134.4,0
51,17465.3,0
52,17792.1,0
53,18122.0,0
54,18454.5,0
55,18811.3,0
56,19159.6,0
57,19513.4,0
58,19861.5,0
59,20191.8,0
60,20524.7,0
61,20854.5,0
62,21197.4,0
63,21531.1,0
64,21862.9,0
65,22194.1,0
66,22542.1,0
67,22870.8,0
68,23203.0,0
69,23524.3,0
70,23838.5,0
71,24163.3,0
72,24515.1,0
73,24846.5,0
74,25171.6,0
75,25505.6,0
76,25841.6,0
77,26180.9,0
78,26530.2,0
79,26883.1,0
80,27201.2,0
81,27537.5,0
82,27875.5,0
83,28199.5,0
84,28513.0,0
85,28857.5,0
86,29183.0,0
87,29536.8,0
88,29878.1,0
89,30219.3,0
90,30563.7,0
91,30886.2,0
92,31223.8,0
93,31563.3,0
94,31889.3,0
95,32243.8,0
96,32591.1,0
97,32899.2,0
98,33224.4,0
