0,0
1,0
2,0
3,0
4,0
5,0
6,0
7,1
8,2
9,3
10,6
11,9
12,9
13,12
14,15
15,20
16,20
17,24
18,34
19,42
20,53
21,53
22,57
23,58
24,64
25,66
26,67
27,68
28,72
29,76
30,77
31,84
32,94
33,95
34,98
35,98
36,102
37,108
38,114
39,118
40,119
41,119
42,119
43,121
44,127
45,130
46,131
47,132
48,135
49,135
50,135
51,139
52,139
53,142
54,148
55,149
56,149
57,155
58,158
59,164
60,164
61,165
62,170
63,175
64,181
65,181
66,185
67,186
68,187
69,187
70,187
71,191
72,191
73,192
74,195
75,195
76,196
77,202
78,211
79,211
80,212
81,215
82,218
83,227
84,228
85,231
86,231
87,231
88,234
89,234
90,238
91,241
92,241
93,241
94,241
95,244
96,244
97,244
98,244
